    1 2.7778e-07 1.0000e-03 2
    2 5.8333e-07 1.1000e-03 2
    3 9.1944e-07 1.2100e-03 2
    4 1.2892e-06 1.3310e-03 2
    5 1.6959e-06 1.4641e-03 2
    6 2.1432e-06 1.6105e-03 2
    7 2.6353e-06 1.7716e-03 2
    8 3.1766e-06 1.9487e-03 2
    9 3.7721e-06 2.1436e-03 2
   10 4.4271e-06 2.3579e-03 2
   11 5.1475e-06 2.5937e-03 2
   12 5.9401e-06 2.8531e-03 2
   13 6.8119e-06 3.1384e-03 2
   14 7.7708e-06 3.4523e-03 2
   15 8.8257e-06 3.7975e-03 2
   16 9.9860e-06 4.1772e-03 2
   17 1.1262e-05 4.5950e-03 2
   18 1.2666e-05 5.0545e-03 2
   19 1.4211e-05 5.5599e-03 2
   20 1.5910e-05 6.1159e-03 2
   21 1.7778e-05 6.7275e-03 2
   22 1.9834e-05 7.4002e-03 2
   23 2.2095e-05 8.1403e-03 2
   24 2.4583e-05 8.9543e-03 2
   25 2.7319e-05 9.8497e-03 2
   26 3.0328e-05 1.0835e-02 2
   27 3.3639e-05 1.1918e-02 2
   28 3.7281e-05 1.3110e-02 2
   29 4.1286e-05 1.4421e-02 2
   30 4.5693e-05 1.5863e-02 2
   31 5.0540e-05 1.7449e-02 2
   32 5.5872e-05 1.9194e-02 2
   33 6.1737e-05 2.1114e-02 2
   34 6.8188e-05 2.3225e-02 2
   35 7.5285e-05 2.5548e-02 2
   36 8.3091e-05 2.8102e-02 2
   37 9.1678e-05 3.0913e-02 2
   38 1.0112e-04 3.4004e-02 2
   39 1.1151e-04 3.7404e-02 2
   40 1.2294e-04 4.1145e-02 2
   41 1.3551e-04 4.5259e-02 2
   42 1.4934e-04 4.9785e-02 2
   43 1.6456e-04 5.4764e-02 2
   44 1.8129e-04 6.0240e-02 2
   45 1.9970e-04 6.6264e-02 2
   46 2.1994e-04 7.2890e-02 2
   47 2.4222e-04 8.0180e-02 2
   48 2.6671e-04 8.8197e-02 2
   49 2.9366e-04 9.7017e-02 2
   50 3.2331e-04 1.0672e-01 2
   51 3.5592e-04 1.1739e-01 2
   52 3.9179e-04 1.2913e-01 2
   53 4.3124e-04 1.4204e-01 2
   54 4.7464e-04 1.5625e-01 2
   55 5.2239e-04 1.7187e-01 2
   56 5.7490e-04 1.8906e-01 2
   57 6.3267e-04 2.0797e-01 2
   58 6.9622e-04 2.2876e-01 2
   59 7.6612e-04 2.5164e-01 2
   60 8.4300e-04 2.7680e-01 2
   61 9.2758e-04 3.0448e-01 2
   62 1.0206e-03 3.3493e-01 2
   63 1.1230e-03 3.6842e-01 2
   64 1.2355e-03 4.0527e-01 2
   65 1.3594e-03 4.4579e-01 2
   66 1.4956e-03 4.9037e-01 2
   67 1.6454e-03 5.3941e-01 2
   68 1.8102e-03 5.9335e-01 2
   69 1.9915e-03 6.5268e-01 2
   70 2.1910e-03 7.1795e-01 2
   71 2.4103e-03 7.8975e-01 2
   72 2.6516e-03 8.6872e-01 2
   73 2.9171e-03 9.5559e-01 2
   74 3.2091e-03 1.0512e+00 2
   75 3.5303e-03 1.1563e+00 2
   76 3.8836e-03 1.2719e+00 2
   77 4.2722e-03 1.3991e+00 2
   78 4.6997e-03 1.5390e+00 2
   79 5.1700e-03 1.6929e+00 2
   80 5.6872e-03 1.8622e+00 2
   81 6.2562e-03 2.0484e+00 2
   82 6.8821e-03 2.2532e+00 2
   83 7.5706e-03 2.4786e+00 2
   84 8.3280e-03 2.7264e+00 2
   85 9.1610e-03 2.9991e+00 2
   86 1.0077e-02 3.2990e+00 2
   87 1.1085e-02 3.6289e+00 2
   88 1.2194e-02 3.9918e+00 2
   89 1.3414e-02 4.3909e+00 2
   90 1.4756e-02 4.8300e+00 2
   91 1.6231e-02 5.3130e+00 2
   92 1.7855e-02 5.8443e+00 2
   93 1.9641e-02 6.4288e+00 2
   94 2.1605e-02 7.0716e+00 2
   95 2.3766e-02 7.7788e+00 2
   96 2.6143e-02 8.5567e+00 2
   97 2.8757e-02 9.4123e+00 2
   98 3.1633e-02 1.0354e+01 2
   99 3.4797e-02 1.1389e+01 2
  100 3.8277e-02 1.2528e+01 2
  101 4.2105e-02 1.3781e+01 2
  102 4.6315e-02 1.5159e+01 2
  103 5.0947e-02 1.6675e+01 2
  104 5.6042e-02 1.8342e+01 2
  105 6.1647e-02 2.0176e+01 2
  106 6.7812e-02 2.2194e+01 2
  107 7.4593e-02 2.4413e+01 2
  108 8.2053e-02 2.6855e+01 2
  109 9.0258e-02 2.9540e+01 2
  110 9.9284e-02 3.2494e+01 2
  111 1.0921e-01 3.5743e+01 2
  112 1.2013e-01 3.9318e+01 2
  113 1.3106e-01 3.9318e+01 3
  114 1.4227e-01 4.0362e+01 3
  115 1.5348e-01 4.0362e+01 3
  116 1.6469e-01 4.0362e+01 2
  117 1.7590e-01 4.0362e+01 2
  118 1.8711e-01 4.0362e+01 2
  119 1.9879e-01 4.2021e+01 2
  120 2.1046e-01 4.2021e+01 2
  121 2.2256e-01 4.3549e+01 2
  122 2.3465e-01 4.3549e+01 2
  123 2.4675e-01 4.3549e+01 2
  124 2.5885e-01 4.3549e+01 3
  125 2.7094e-01 4.3549e+01 3
  126 2.8304e-01 4.3549e+01 3
  127 2.9514e-01 4.3549e+01 3
  128 3.0724e-01 4.3549e+01 3
  129 3.1950e-01 4.4147e+01 3
  130 3.3206e-01 4.5208e+01 3
  131 3.4461e-01 4.5208e+01 3
  132 3.5721e-01 4.5327e+01 3
  133 3.6985e-01 4.5519e+01 3
  134 3.8268e-01 4.6198e+01 3
  135 3.9584e-01 4.7381e+01 3
  136 4.0922e-01 4.8169e+01 3
  137 4.2297e-01 4.9498e+01 3
  138 4.3702e-01 5.0557e+01 3
  139 4.5147e-01 5.2028e+01 3
  140 4.6626e-01 5.3255e+01 3
  141 4.8139e-01 5.4471e+01 3
  142 4.9683e-01 5.5588e+01 3
  143 5.1266e-01 5.6957e+01 3
  144 5.2899e-01 5.8791e+01 3
  145 5.4585e-01 6.0722e+01 3
  146 5.6319e-01 6.2415e+01 3
  147 5.8087e-01 6.3628e+01 3
  148 5.9930e-01 6.6370e+01 3
  149 6.1857e-01 6.9362e+01 3
  150 6.3840e-01 7.1402e+01 3
  151 6.5877e-01 7.3309e+01 3
  152 6.7929e-01 7.3904e+01 3
  153 7.0032e-01 7.5693e+01 3
  154 7.2345e-01 8.3262e+01 3
  155 7.4658e-01 8.3262e+01 3
  156 7.6971e-01 8.3262e+01 3
  157 7.9283e-01 8.3262e+01 3
  158 8.1596e-01 8.3262e+01 3
  159 8.3909e-01 8.3262e+01 3
  160 8.6222e-01 8.3262e+01 3
  161 8.8535e-01 8.3262e+01 3
  162 9.0848e-01 8.3262e+01 3
  163 9.3160e-01 8.3262e+01 3
  164 9.5473e-01 8.3262e+01 3
  165 9.7786e-01 8.3262e+01 3
  166 1.0010e+00 8.3262e+01 3
  167 1.0241e+00 8.3262e+01 3
  168 1.0472e+00 8.3262e+01 3
  169 1.0704e+00 8.3262e+01 3
  170 1.0935e+00 8.3262e+01 3
  171 1.1166e+00 8.3262e+01 3
  172 1.1398e+00 8.3262e+01 3
  173 1.1632e+00 8.4282e+01 3
  174 1.1870e+00 8.5811e+01 3
  175 1.2113e+00 8.7294e+01 3
  176 1.2359e+00 8.8660e+01 3
  177 1.2610e+00 9.0273e+01 3
  178 1.2864e+00 9.1657e+01 3
  179 1.3124e+00 9.3371e+01 3
  180 1.3386e+00 9.4627e+01 3
  181 1.3651e+00 9.5356e+01 3
  182 1.3924e+00 9.7999e+01 3
  183 1.4202e+00 1.0029e+02 3
  184 1.4486e+00 1.0238e+02 3
  185 1.4775e+00 1.0385e+02 3
  186 1.5071e+00 1.0659e+02 3
  187 1.5372e+00 1.0840e+02 3
  188 1.5687e+00 1.1349e+02 3
  189 1.6003e+00 1.1349e+02 3
  190 1.6323e+00 1.1550e+02 3
  191 1.6644e+00 1.1550e+02 3
  192 1.6965e+00 1.1550e+02 3
  193 1.7286e+00 1.1550e+02 3
  194 1.7607e+00 1.1550e+02 3
  195 1.7928e+00 1.1550e+02 3
  196 1.8249e+00 1.1550e+02 3
  197 1.8569e+00 1.1550e+02 3
  198 1.8890e+00 1.1550e+02 3
  199 1.9211e+00 1.1550e+02 3
  200 1.9532e+00 1.1550e+02 3
  201 1.9853e+00 1.1550e+02 3
  202 2.0174e+00 1.1550e+02 3
  203 2.0494e+00 1.1550e+02 3
  204 2.0815e+00 1.1550e+02 3
  205 2.1136e+00 1.1550e+02 3
  206 2.1457e+00 1.1550e+02 3
  207 2.1778e+00 1.1550e+02 3
  208 2.2099e+00 1.1550e+02 3
  209 2.2419e+00 1.1550e+02 3
  210 2.2740e+00 1.1550e+02 3
  211 2.3061e+00 1.1550e+02 3
  212 2.3382e+00 1.1553e+02 3
  213 2.3708e+00 1.1741e+02 3
  214 2.4037e+00 1.1840e+02 3
  215 2.4369e+00 1.1945e+02 3
  216 2.4703e+00 1.2031e+02 3
  217 2.5041e+00 1.2154e+02 3
  218 2.5385e+00 1.2403e+02 3
  219 2.5734e+00 1.2574e+02 3
  220 2.6084e+00 1.2574e+02 3
  221 2.6440e+00 1.2828e+02 3
  222 2.6804e+00 1.3115e+02 3
  223 2.7172e+00 1.3243e+02 3
  224 2.7543e+00 1.3348e+02 3
  225 2.7918e+00 1.3490e+02 3
  226 2.8297e+00 1.3651e+02 3
  227 2.8691e+00 1.4177e+02 3
  228 2.9085e+00 1.4177e+02 3
  229 2.9478e+00 1.4177e+02 3
  230 2.9872e+00 1.4177e+02 3
  231 3.0266e+00 1.4177e+02 3
  232 3.0660e+00 1.4177e+02 3
  233 3.1054e+00 1.4177e+02 3
  234 3.1447e+00 1.4177e+02 3
  235 3.1841e+00 1.4177e+02 3
  236 3.2235e+00 1.4177e+02 3
  237 3.2629e+00 1.4177e+02 3
  238 3.3023e+00 1.4177e+02 3
  239 3.3416e+00 1.4177e+02 3
  240 3.3810e+00 1.4177e+02 3
  241 3.4204e+00 1.4177e+02 3
  242 3.4598e+00 1.4177e+02 3
  243 3.4992e+00 1.4177e+02 3
  244 3.5385e+00 1.4177e+02 3
  245 3.5779e+00 1.4177e+02 3
  246 3.6173e+00 1.4177e+02 3
  247 3.6567e+00 1.4177e+02 3
  248 3.6961e+00 1.4177e+02 3
  249 3.7355e+00 1.4177e+02 3
  250 3.7748e+00 1.4177e+02 3
  251 3.8142e+00 1.4177e+02 3
  252 3.8536e+00 1.4177e+02 3
  253 3.8930e+00 1.4177e+02 3
  254 3.9324e+00 1.4177e+02 3
  255 3.9717e+00 1.4177e+02 3
  256 4.0114e+00 1.4296e+02 3
  257 4.0518e+00 1.4511e+02 3
  258 4.0929e+00 1.4799e+02 3
  259 4.1340e+00 1.4799e+02 3
  260 4.1756e+00 1.4982e+02 3
  261 4.2174e+00 1.5062e+02 3
  262 4.2594e+00 1.5105e+02 3
  263 4.3021e+00 1.5392e+02 3
  264 4.3449e+00 1.5392e+02 3
  265 4.3876e+00 1.5392e+02 3
  266 4.4304e+00 1.5392e+02 4
  267 4.4732e+00 1.5392e+02 3
  268 4.5163e+00 1.5545e+02 3
  269 4.5595e+00 1.5545e+02 4
  270 4.6027e+00 1.5545e+02 3
  271 4.6459e+00 1.5545e+02 4
  272 4.6891e+00 1.5545e+02 3
  273 4.7322e+00 1.5545e+02 4
  274 4.7754e+00 1.5545e+02 3
  275 4.8186e+00 1.5545e+02 4
  276 4.8618e+00 1.5545e+02 3
  277 4.9050e+00 1.5545e+02 4
  278 4.9482e+00 1.5545e+02 3
  279 4.9913e+00 1.5545e+02 4
  280 5.0345e+00 1.5545e+02 3
  281 5.0777e+00 1.5545e+02 4
  282 5.1209e+00 1.5545e+02 3
  283 5.1641e+00 1.5545e+02 4
  284 5.2072e+00 1.5545e+02 3
  285 5.2504e+00 1.5545e+02 4
  286 5.2936e+00 1.5545e+02 3
  287 5.3368e+00 1.5545e+02 4
  288 5.3800e+00 1.5545e+02 3
  289 5.4231e+00 1.5545e+02 4
  290 5.4663e+00 1.5545e+02 3
  291 5.5095e+00 1.5545e+02 4
  292 5.5527e+00 1.5545e+02 3
  293 5.5959e+00 1.5565e+02 4
  294 5.6394e+00 1.5670e+02 3
  295 5.6835e+00 1.5866e+02 4
  296 5.7277e+00 1.5892e+02 3
  297 5.7731e+00 1.6348e+02 4
  298 5.8185e+00 1.6348e+02 3
  299 5.8639e+00 1.6348e+02 4
  300 5.9093e+00 1.6348e+02 3
  301 5.9547e+00 1.6348e+02 4
  302 6.0001e+00 1.6348e+02 3
  303 6.0455e+00 1.6348e+02 4
  304 6.0910e+00 1.6348e+02 3
  305 6.1364e+00 1.6348e+02 4
  306 6.1818e+00 1.6348e+02 3
  307 6.2272e+00 1.6348e+02 4
  308 6.2726e+00 1.6348e+02 3
  309 6.3180e+00 1.6348e+02 4
  310 6.3634e+00 1.6348e+02 3
  311 6.4088e+00 1.6348e+02 4
  312 6.4542e+00 1.6348e+02 3
  313 6.4996e+00 1.6348e+02 4
  314 6.5451e+00 1.6348e+02 4
  315 6.5905e+00 1.6348e+02 4
  316 6.6359e+00 1.6348e+02 4
  317 6.6813e+00 1.6348e+02 4
  318 6.7267e+00 1.6348e+02 4
  319 6.7721e+00 1.6348e+02 4
  320 6.8175e+00 1.6348e+02 4
  321 6.8629e+00 1.6348e+02 4
  322 6.9083e+00 1.6348e+02 4
  323 6.9538e+00 1.6348e+02 4
  324 6.9992e+00 1.6348e+02 4
  325 7.0446e+00 1.6348e+02 4
  326 7.0900e+00 1.6348e+02 4
  327 7.1354e+00 1.6348e+02 4
  328 7.1808e+00 1.6348e+02 4
  329 7.2268e+00 1.6567e+02 4
  330 7.2730e+00 1.6602e+02 4
  331 7.3194e+00 1.6710e+02 4
  332 7.3658e+00 1.6710e+02 4
  333 7.4128e+00 1.6923e+02 4
  334 7.4600e+00 1.6999e+02 4
  335 7.5072e+00 1.6999e+02 4
  336 7.5545e+00 1.6999e+02 4
  337 7.6017e+00 1.6999e+02 4
  338 7.6489e+00 1.6999e+02 4
  339 7.6961e+00 1.6999e+02 4
  340 7.7433e+00 1.6999e+02 4
  341 7.7905e+00 1.6999e+02 4
  342 7.8378e+00 1.6999e+02 4
  343 7.8850e+00 1.6999e+02 4
  344 7.9322e+00 1.6999e+02 4
  345 7.9794e+00 1.6999e+02 4
  346 8.0266e+00 1.6999e+02 4
  347 8.0739e+00 1.6999e+02 4
  348 8.1211e+00 1.6999e+02 4
  349 8.1683e+00 1.6999e+02 4
  350 8.2155e+00 1.6999e+02 4
  351 8.2627e+00 1.6999e+02 4
  352 8.3100e+00 1.6999e+02 4
  353 8.3572e+00 1.6999e+02 4
  354 8.4044e+00 1.6999e+02 4
  355 8.4516e+00 1.6999e+02 4
  356 8.4988e+00 1.6999e+02 4
  357 8.5461e+00 1.6999e+02 4
  358 8.5933e+00 1.6999e+02 4
  359 8.6405e+00 1.6999e+02 4
  360 8.6877e+00 1.6999e+02 4
  361 8.7349e+00 1.6999e+02 4
  362 8.7822e+00 1.6999e+02 4
  363 8.8294e+00 1.6999e+02 4
  364 8.8768e+00 1.7087e+02 4
  365 8.9246e+00 1.7183e+02 4
  366 8.9728e+00 1.7348e+02 4
  367 9.0218e+00 1.7643e+02 4
  368 9.0708e+00 1.7650e+02 4
  369 9.1198e+00 1.7650e+02 4
  370 9.1689e+00 1.7650e+02 4
  371 9.2179e+00 1.7650e+02 4
  372 9.2669e+00 1.7650e+02 4
  373 9.3159e+00 1.7650e+02 4
  374 9.3650e+00 1.7650e+02 4
  375 9.4140e+00 1.7650e+02 4
  376 9.4630e+00 1.7650e+02 4
  377 9.5120e+00 1.7650e+02 4
  378 9.5611e+00 1.7650e+02 4
  379 9.6101e+00 1.7650e+02 4
  380 9.6591e+00 1.7650e+02 4
  381 9.7081e+00 1.7650e+02 4
  382 9.7572e+00 1.7650e+02 4
  383 9.8062e+00 1.7650e+02 4
  384 9.8552e+00 1.7650e+02 4
  385 9.9043e+00 1.7650e+02 4
  386 9.9533e+00 1.7650e+02 4
  387 1.0002e+01 1.7650e+02 4
  388 1.0051e+01 1.7650e+02 4
  389 1.0100e+01 1.7650e+02 4
  390 1.0149e+01 1.7650e+02 4
  391 1.0198e+01 1.7650e+02 4
  392 1.0247e+01 1.7650e+02 4
  393 1.0296e+01 1.7650e+02 4
  394 1.0345e+01 1.7650e+02 4
  395 1.0395e+01 1.7650e+02 4
  396 1.0444e+01 1.7650e+02 4
  397 1.0493e+01 1.7650e+02 4
  398 1.0542e+01 1.7650e+02 4
  399 1.0591e+01 1.7650e+02 4
  400 1.0640e+01 1.7873e+02 4
  401 1.0690e+01 1.7873e+02 4
  402 1.0740e+01 1.8010e+02 4
  403 1.0790e+01 1.8010e+02 4
  404 1.0840e+01 1.8048e+02 4
  405 1.0892e+01 1.8573e+02 4
  406 1.0943e+01 1.8573e+02 4
  407 1.0995e+01 1.8573e+02 4
  408 1.1046e+01 1.8573e+02 4
  409 1.1098e+01 1.8573e+02 4
  410 1.1150e+01 1.8573e+02 4
  411 1.1201e+01 1.8573e+02 4
  412 1.1253e+01 1.8573e+02 4
  413 1.1304e+01 1.8573e+02 4
  414 1.1356e+01 1.8573e+02 4
  415 1.1408e+01 1.8573e+02 4
  416 1.1459e+01 1.8573e+02 4
  417 1.1511e+01 1.8573e+02 4
  418 1.1562e+01 1.8573e+02 4
  419 1.1614e+01 1.8573e+02 4
  420 1.1666e+01 1.8573e+02 4
  421 1.1717e+01 1.8573e+02 4
  422 1.1769e+01 1.8573e+02 4
  423 1.1820e+01 1.8573e+02 4
  424 1.1872e+01 1.8573e+02 4
  425 1.1924e+01 1.8573e+02 4
  426 1.1975e+01 1.8573e+02 4
  427 1.2027e+01 1.8573e+02 4
  428 1.2078e+01 1.8573e+02 4
  429 1.2130e+01 1.8573e+02 4
  430 1.2182e+01 1.8573e+02 4
  431 1.2233e+01 1.8573e+02 4
  432 1.2285e+01 1.8573e+02 4
  433 1.2336e+01 1.8573e+02 4
  434 1.2388e+01 1.8573e+02 4
  435 1.2439e+01 1.8573e+02 4
  436 1.2491e+01 1.8573e+02 4
  437 1.2543e+01 1.8626e+02 4
  438 1.2595e+01 1.8813e+02 4
  439 1.2647e+01 1.8813e+02 4
  440 1.2700e+01 1.8813e+02 4
  441 1.2752e+01 1.8813e+02 4
  442 1.2804e+01 1.8813e+02 4
  443 1.2856e+01 1.8813e+02 4
  444 1.2909e+01 1.8813e+02 4
  445 1.2961e+01 1.8813e+02 4
  446 1.3013e+01 1.8813e+02 4
  447 1.3065e+01 1.8813e+02 4
  448 1.3118e+01 1.8813e+02 4
  449 1.3170e+01 1.8813e+02 4
  450 1.3222e+01 1.8813e+02 4
  451 1.3274e+01 1.8813e+02 4
  452 1.3327e+01 1.8813e+02 4
  453 1.3379e+01 1.8813e+02 4
  454 1.3431e+01 1.8813e+02 4
  455 1.3483e+01 1.8813e+02 4
  456 1.3536e+01 1.8813e+02 4
  457 1.3588e+01 1.8813e+02 4
  458 1.3640e+01 1.8813e+02 4
  459 1.3692e+01 1.8813e+02 4
  460 1.3745e+01 1.8813e+02 4
  461 1.3797e+01 1.8813e+02 4
  462 1.3849e+01 1.8813e+02 4
  463 1.3901e+01 1.8813e+02 4
  464 1.3954e+01 1.8813e+02 4
  465 1.4006e+01 1.8813e+02 4
  466 1.4058e+01 1.8813e+02 4
  467 1.4111e+01 1.8813e+02 4
  468 1.4163e+01 1.8813e+02 4
  469 1.4215e+01 1.8813e+02 5
  470 1.4268e+01 1.9022e+02 3
  471 1.4321e+01 1.9022e+02 5
  472 1.4374e+01 1.9022e+02 3
  473 1.4427e+01 1.9153e+02 5
  474 1.4481e+01 1.9414e+02 3
  475 1.4535e+01 1.9414e+02 4
  476 1.4589e+01 1.9414e+02 4
  477 1.4643e+01 1.9589e+02 4
  478 1.4697e+01 1.9589e+02 4
  479 1.4752e+01 1.9589e+02 4
  480 1.4806e+01 1.9589e+02 4
  481 1.4861e+01 1.9589e+02 4
  482 1.4915e+01 1.9589e+02 4
  483 1.4969e+01 1.9589e+02 4
  484 1.5024e+01 1.9589e+02 4
  485 1.5078e+01 1.9589e+02 5
  486 1.5133e+01 1.9589e+02 4
  487 1.5187e+01 1.9589e+02 4
  488 1.5242e+01 1.9589e+02 4
  489 1.5296e+01 1.9589e+02 4
  490 1.5350e+01 1.9589e+02 4
  491 1.5405e+01 1.9589e+02 4
  492 1.5459e+01 1.9589e+02 4
  493 1.5514e+01 1.9589e+02 4
  494 1.5568e+01 1.9589e+02 4
  495 1.5622e+01 1.9589e+02 4
  496 1.5677e+01 1.9589e+02 4
  497 1.5731e+01 1.9589e+02 4
  498 1.5786e+01 1.9589e+02 4
  499 1.5840e+01 1.9589e+02 4
  500 1.5895e+01 1.9589e+02 4
  501 1.5949e+01 1.9589e+02 4
  502 1.6003e+01 1.9589e+02 4
  503 1.6058e+01 1.9589e+02 4
  504 1.6112e+01 1.9589e+02 4
  505 1.6167e+01 1.9589e+02 4
  506 1.6221e+01 1.9589e+02 4
  507 1.6275e+01 1.9589e+02 4
  508 1.6330e+01 1.9809e+02 4
  509 1.6385e+01 1.9809e+02 4
  510 1.6440e+01 1.9809e+02 4
  511 1.6496e+01 1.9844e+02 4
  512 1.6551e+01 1.9844e+02 4
  513 1.6607e+01 2.0296e+02 4
  514 1.6663e+01 2.0296e+02 5
  515 1.6720e+01 2.0296e+02 4
  516 1.6776e+01 2.0296e+02 4
  517 1.6833e+01 2.0296e+02 4
  518 1.6889e+01 2.0296e+02 4
  519 1.6945e+01 2.0296e+02 4
  520 1.7002e+01 2.0296e+02 4
  521 1.7058e+01 2.0296e+02 5
  522 1.7115e+01 2.0296e+02 4
  523 1.7171e+01 2.0296e+02 4
  524 1.7227e+01 2.0296e+02 4
  525 1.7284e+01 2.0296e+02 4
  526 1.7340e+01 2.0296e+02 4
  527 1.7396e+01 2.0296e+02 4
  528 1.7453e+01 2.0296e+02 4
  529 1.7509e+01 2.0296e+02 4
  530 1.7566e+01 2.0296e+02 4
  531 1.7622e+01 2.0296e+02 4
  532 1.7678e+01 2.0296e+02 4
  533 1.7735e+01 2.0296e+02 4
  534 1.7791e+01 2.0296e+02 4
  535 1.7847e+01 2.0296e+02 4
  536 1.7904e+01 2.0296e+02 4
  537 1.7960e+01 2.0296e+02 4
  538 1.8017e+01 2.0296e+02 4
  539 1.8073e+01 2.0296e+02 4
  540 1.8129e+01 2.0296e+02 4
  541 1.8186e+01 2.0296e+02 4
  542 1.8242e+01 2.0296e+02 5
  543 1.8298e+01 2.0296e+02 4
  544 1.8355e+01 2.0341e+02 4
  545 1.8412e+01 2.0460e+02 4
  546 1.8469e+01 2.0460e+02 4
  547 1.8527e+01 2.0856e+02 4
  548 1.8584e+01 2.0856e+02 5
  549 1.8642e+01 2.0856e+02 4
  550 1.8700e+01 2.0856e+02 4
  551 1.8758e+01 2.0856e+02 4
  552 1.8816e+01 2.0856e+02 4
  553 1.8874e+01 2.0856e+02 4
  554 1.8932e+01 2.0856e+02 4
  555 1.8990e+01 2.0856e+02 4
  556 1.9048e+01 2.0856e+02 4
  557 1.9106e+01 2.0856e+02 4
  558 1.9164e+01 2.0856e+02 4
  559 1.9222e+01 2.0856e+02 4
  560 1.9280e+01 2.0856e+02 4
  561 1.9338e+01 2.0856e+02 4
  562 1.9396e+01 2.0856e+02 4
  563 1.9453e+01 2.0856e+02 4
  564 1.9511e+01 2.0856e+02 5
  565 1.9569e+01 2.0856e+02 4
  566 1.9627e+01 2.0856e+02 4
  567 1.9685e+01 2.0856e+02 4
  568 1.9743e+01 2.0856e+02 4
  569 1.9801e+01 2.0856e+02 5
  570 1.9859e+01 2.0856e+02 4
  571 1.9917e+01 2.0856e+02 4
  572 1.9975e+01 2.0856e+02 4
  573 2.0033e+01 2.0856e+02 4
  574 2.0091e+01 2.0856e+02 4
  575 2.0149e+01 2.0856e+02 4
  576 2.0207e+01 2.0856e+02 4
  577 2.0265e+01 2.0856e+02 4
  578 2.0323e+01 2.0856e+02 4
  579 2.0380e+01 2.0856e+02 5
  580 2.0438e+01 2.0856e+02 4
  581 2.0498e+01 2.1332e+02 4
  582 2.0557e+01 2.1332e+02 4
  583 2.0616e+01 2.1332e+02 4
  584 2.0675e+01 2.1332e+02 5
  585 2.0735e+01 2.1332e+02 3
  586 2.0794e+01 2.1332e+02 5
  587 2.0853e+01 2.1332e+02 4
  588 2.0912e+01 2.1332e+02 4
  589 2.0972e+01 2.1332e+02 4
  590 2.1031e+01 2.1332e+02 4
  591 2.1090e+01 2.1332e+02 5
  592 2.1149e+01 2.1332e+02 4
  593 2.1209e+01 2.1332e+02 4
  594 2.1268e+01 2.1332e+02 4
  595 2.1327e+01 2.1332e+02 4
  596 2.1386e+01 2.1332e+02 5
  597 2.1446e+01 2.1332e+02 4
  598 2.1505e+01 2.1332e+02 4
  599 2.1564e+01 2.1332e+02 4
  600 2.1623e+01 2.1332e+02 4
  601 2.1683e+01 2.1332e+02 4
  602 2.1742e+01 2.1332e+02 4
  603 2.1801e+01 2.1332e+02 4
  604 2.1861e+01 2.1332e+02 4
  605 2.1920e+01 2.1332e+02 4
  606 2.1979e+01 2.1332e+02 4
  607 2.2038e+01 2.1332e+02 4
  608 2.2098e+01 2.1332e+02 5
  609 2.2157e+01 2.1332e+02 4
  610 2.2216e+01 2.1332e+02 4
  611 2.2275e+01 2.1332e+02 4
  612 2.2335e+01 2.1332e+02 5
  613 2.2394e+01 2.1332e+02 4
  614 2.2453e+01 2.1332e+02 4
  615 2.2512e+01 2.1390e+02 4
  616 2.2572e+01 2.1390e+02 5
  617 2.2632e+01 2.1647e+02 4
  618 2.2692e+01 2.1647e+02 4
  619 2.2752e+01 2.1647e+02 4
  620 2.2812e+01 2.1647e+02 5
  621 2.2873e+01 2.1647e+02 4
  622 2.2933e+01 2.1647e+02 4
  623 2.2993e+01 2.1647e+02 4
  624 2.3053e+01 2.1647e+02 4
  625 2.3113e+01 2.1647e+02 5
  626 2.3173e+01 2.1647e+02 4
  627 2.3233e+01 2.1647e+02 4
  628 2.3293e+01 2.1647e+02 4
  629 2.3354e+01 2.1647e+02 4
  630 2.3414e+01 2.1647e+02 4
  631 2.3474e+01 2.1647e+02 4
  632 2.3534e+01 2.1647e+02 4
  633 2.3594e+01 2.1647e+02 4
  634 2.3654e+01 2.1647e+02 4
  635 2.3714e+01 2.1647e+02 4
  636 2.3774e+01 2.1647e+02 4
  637 2.3835e+01 2.1647e+02 4
  638 2.3895e+01 2.1647e+02 5
  639 2.3955e+01 2.1647e+02 4
  640 2.4015e+01 2.1647e+02 4
  641 2.4075e+01 2.1647e+02 4
  642 2.4135e+01 2.1647e+02 5
  643 2.4195e+01 2.1647e+02 4
  644 2.4256e+01 2.1647e+02 4
  645 2.4316e+01 2.1647e+02 4
  646 2.4376e+01 2.1647e+02 5
  647 2.4436e+01 2.1647e+02 4
  648 2.4496e+01 2.1700e+02 4
  649 2.4556e+01 2.1700e+02 4
  650 2.4617e+01 2.1795e+02 4
  651 2.4678e+01 2.1822e+02 4
  652 2.4739e+01 2.2072e+02 4
  653 2.4801e+01 2.2182e+02 5
  654 2.4862e+01 2.2182e+02 4
  655 2.4924e+01 2.2182e+02 4
  656 2.4985e+01 2.2182e+02 4
  657 2.5047e+01 2.2182e+02 4
  658 2.5109e+01 2.2182e+02 5
  659 2.5170e+01 2.2182e+02 4
  660 2.5232e+01 2.2182e+02 4
  661 2.5293e+01 2.2182e+02 4
  662 2.5355e+01 2.2182e+02 4
  663 2.5417e+01 2.2182e+02 4
  664 2.5478e+01 2.2182e+02 4
  665 2.5540e+01 2.2182e+02 4
  666 2.5602e+01 2.2182e+02 4
  667 2.5663e+01 2.2182e+02 5
  668 2.5725e+01 2.2182e+02 4
  669 2.5786e+01 2.2182e+02 4
  670 2.5848e+01 2.2182e+02 4
  671 2.5910e+01 2.2182e+02 4
  672 2.5971e+01 2.2182e+02 5
  673 2.6033e+01 2.2182e+02 4
  674 2.6094e+01 2.2182e+02 4
  675 2.6156e+01 2.2182e+02 5
  676 2.6218e+01 2.2182e+02 4
  677 2.6279e+01 2.2182e+02 4
  678 2.6341e+01 2.2182e+02 4
  679 2.6403e+01 2.2182e+02 4
  680 2.6464e+01 2.2182e+02 4
  681 2.6526e+01 2.2182e+02 4
  682 2.6587e+01 2.2182e+02 5
  683 2.6649e+01 2.2189e+02 4
  684 2.6711e+01 2.2189e+02 4
  685 2.6772e+01 2.2189e+02 5
  686 2.6834e+01 2.2339e+02 4
  687 2.6897e+01 2.2642e+02 4
  688 2.6960e+01 2.2642e+02 4
  689 2.7023e+01 2.2642e+02 4
  690 2.7086e+01 2.2642e+02 5
  691 2.7149e+01 2.2754e+02 4
  692 2.7212e+01 2.2754e+02 4
  693 2.7276e+01 2.2754e+02 5
  694 2.7339e+01 2.2754e+02 4
  695 2.7402e+01 2.2754e+02 4
  696 2.7465e+01 2.2754e+02 4
  697 2.7528e+01 2.2754e+02 5
  698 2.7592e+01 2.2754e+02 4
  699 2.7655e+01 2.2754e+02 4
  700 2.7718e+01 2.2754e+02 4
  701 2.7781e+01 2.2754e+02 5
  702 2.7844e+01 2.2754e+02 4
  703 2.7908e+01 2.2754e+02 4
  704 2.7971e+01 2.2754e+02 4
  705 2.8034e+01 2.2754e+02 5
  706 2.8097e+01 2.2754e+02 4
  707 2.8160e+01 2.2754e+02 4
  708 2.8224e+01 2.2754e+02 4
  709 2.8287e+01 2.2754e+02 5
  710 2.8350e+01 2.2754e+02 4
  711 2.8413e+01 2.2754e+02 4
  712 2.8476e+01 2.2754e+02 4
  713 2.8540e+01 2.2754e+02 4
  714 2.8603e+01 2.2754e+02 5
  715 2.8666e+01 2.2754e+02 4
  716 2.8729e+01 2.2754e+02 4
  717 2.8793e+01 2.2754e+02 5
  718 2.8856e+01 2.2754e+02 4
  719 2.8919e+01 2.2754e+02 4
  720 2.8982e+01 2.2754e+02 4
  721 2.9045e+01 2.2754e+02 5
  722 2.9109e+01 2.2943e+02 4
  723 2.9173e+01 2.2943e+02 4
  724 2.9237e+01 2.2943e+02 4
  725 2.9301e+01 2.3128e+02 4
  726 2.9365e+01 2.3128e+02 5
  727 2.9429e+01 2.3128e+02 4
  728 2.9494e+01 2.3220e+02 4
  729 2.9558e+01 2.3220e+02 4
  730 2.9623e+01 2.3220e+02 4
  731 2.9687e+01 2.3220e+02 5
  732 2.9752e+01 2.3220e+02 4
  733 2.9816e+01 2.3220e+02 4
  734 2.9881e+01 2.3220e+02 5
  735 2.9945e+01 2.3220e+02 4
  736 3.0010e+01 2.3220e+02 4
  737 3.0074e+01 2.3220e+02 5
  738 3.0139e+01 2.3220e+02 4
  739 3.0203e+01 2.3220e+02 4
  740 3.0268e+01 2.3220e+02 5
  741 3.0332e+01 2.3220e+02 4
  742 3.0397e+01 2.3220e+02 4
  743 3.0461e+01 2.3220e+02 4
  744 3.0526e+01 2.3220e+02 4
  745 3.0590e+01 2.3220e+02 4
  746 3.0655e+01 2.3220e+02 5
  747 3.0719e+01 2.3220e+02 4
  748 3.0784e+01 2.3220e+02 5
  749 3.0848e+01 2.3220e+02 4
  750 3.0913e+01 2.3220e+02 4
  751 3.0977e+01 2.3220e+02 4
  752 3.1042e+01 2.3220e+02 5
  753 3.1106e+01 2.3220e+02 4
  754 3.1171e+01 2.3220e+02 4
  755 3.1235e+01 2.3220e+02 5
  756 3.1300e+01 2.3220e+02 4
  757 3.1364e+01 2.3266e+02 4
  758 3.1429e+01 2.3266e+02 4
  759 3.1494e+01 2.3328e+02 5
  760 3.1559e+01 2.3584e+02 4
  761 3.1625e+01 2.3584e+02 5
  762 3.1690e+01 2.3584e+02 4
  763 3.1756e+01 2.3584e+02 4
  764 3.1821e+01 2.3584e+02 4
  765 3.1887e+01 2.3584e+02 5
  766 3.1952e+01 2.3584e+02 4
  767 3.2018e+01 2.3584e+02 4
  768 3.2083e+01 2.3584e+02 5
  769 3.2149e+01 2.3584e+02 4
  770 3.2214e+01 2.3584e+02 4
  771 3.2280e+01 2.3584e+02 5
  772 3.2345e+01 2.3584e+02 4
  773 3.2411e+01 2.3584e+02 5
  774 3.2476e+01 2.3584e+02 4
  775 3.2542e+01 2.3584e+02 4
  776 3.2607e+01 2.3584e+02 4
  777 3.2673e+01 2.3584e+02 5
  778 3.2739e+01 2.3584e+02 4
  779 3.2804e+01 2.3584e+02 4
  780 3.2870e+01 2.3584e+02 5
  781 3.2935e+01 2.3584e+02 4
  782 3.3001e+01 2.3584e+02 5
  783 3.3066e+01 2.3584e+02 4
  784 3.3132e+01 2.3584e+02 4
  785 3.3197e+01 2.3584e+02 5
  786 3.3263e+01 2.3584e+02 4
  787 3.3328e+01 2.3584e+02 4
  788 3.3394e+01 2.3584e+02 4
  789 3.3459e+01 2.3584e+02 5
  790 3.3525e+01 2.3584e+02 4
  791 3.3590e+01 2.3584e+02 4
  792 3.3656e+01 2.3584e+02 5
  793 3.3721e+01 2.3584e+02 4
  794 3.3787e+01 2.3804e+02 4
  795 3.3854e+01 2.4177e+02 4
  796 3.3922e+01 2.4177e+02 5
  797 3.3989e+01 2.4177e+02 4
  798 3.4056e+01 2.4276e+02 4
  799 3.4124e+01 2.4276e+02 5
  800 3.4191e+01 2.4276e+02 4
  801 3.4259e+01 2.4276e+02 4
  802 3.4326e+01 2.4276e+02 5
  803 3.4393e+01 2.4276e+02 4
  804 3.4461e+01 2.4276e+02 5
  805 3.4528e+01 2.4276e+02 4
  806 3.4596e+01 2.4276e+02 4
  807 3.4663e+01 2.4276e+02 5
  808 3.4731e+01 2.4276e+02 4
  809 3.4798e+01 2.4276e+02 5
  810 3.4865e+01 2.4276e+02 4
  811 3.4933e+01 2.4276e+02 5
  812 3.5000e+01 2.4276e+02 4
  813 3.5068e+01 2.4276e+02 5
  814 3.5135e+01 2.4276e+02 4
  815 3.5203e+01 2.4276e+02 4
  816 3.5270e+01 2.4276e+02 5
  817 3.5337e+01 2.4276e+02 4
  818 3.5405e+01 2.4276e+02 4
  819 3.5472e+01 2.4276e+02 5
  820 3.5540e+01 2.4276e+02 4
  821 3.5607e+01 2.4276e+02 5
  822 3.5675e+01 2.4276e+02 4
  823 3.5742e+01 2.4276e+02 5
  824 3.5809e+01 2.4276e+02 4
  825 3.5877e+01 2.4276e+02 5
  826 3.5944e+01 2.4276e+02 4
  827 3.6012e+01 2.4276e+02 4
  828 3.6079e+01 2.4276e+02 4
  829 3.6147e+01 2.4276e+02 4
  830 3.6214e+01 2.4276e+02 4
  831 3.6281e+01 2.4276e+02 5
  832 3.6349e+01 2.4276e+02 4
  833 3.6416e+01 2.4276e+02 4
  834 3.6484e+01 2.4276e+02 5
  835 3.6551e+01 2.4276e+02 4
  836 3.6619e+01 2.4276e+02 4
  837 3.6686e+01 2.4276e+02 4
  838 3.6754e+01 2.4276e+02 5
  839 3.6821e+01 2.4276e+02 4
  840 3.6888e+01 2.4276e+02 5
  841 3.6956e+01 2.4276e+02 4
  842 3.7023e+01 2.4276e+02 4
  843 3.7091e+01 2.4276e+02 5
  844 3.7158e+01 2.4276e+02 4
  845 3.7226e+01 2.4276e+02 5
  846 3.7293e+01 2.4276e+02 4
  847 3.7360e+01 2.4276e+02 5
  848 3.7428e+01 2.4276e+02 4
  849 3.7495e+01 2.4276e+02 5
  850 3.7563e+01 2.4276e+02 4
  851 3.7630e+01 2.4276e+02 5
  852 3.7698e+01 2.4276e+02 4
  853 3.7765e+01 2.4276e+02 5
  854 3.7832e+01 2.4276e+02 4
  855 3.7900e+01 2.4276e+02 4
  856 3.7967e+01 2.4276e+02 4
  857 3.8035e+01 2.4276e+02 5
  858 3.8102e+01 2.4276e+02 4
  859 3.8170e+01 2.4276e+02 5
  860 3.8237e+01 2.4276e+02 4
  861 3.8304e+01 2.4276e+02 5
  862 3.8372e+01 2.4276e+02 4
  863 3.8439e+01 2.4276e+02 5
  864 3.8507e+01 2.4276e+02 4
  865 3.8574e+01 2.4276e+02 4
  866 3.8642e+01 2.4276e+02 4
  867 3.8709e+01 2.4276e+02 4
  868 3.8777e+01 2.4348e+02 5
  869 3.8844e+01 2.4403e+02 4
  870 3.8913e+01 2.4599e+02 4
  871 3.8981e+01 2.4599e+02 5
  872 3.9049e+01 2.4599e+02 4
  873 3.9118e+01 2.4599e+02 4
  874 3.9186e+01 2.4599e+02 5
  875 3.9254e+01 2.4599e+02 4
  876 3.9323e+01 2.4612e+02 5
  877 3.9392e+01 2.4750e+02 4
  878 3.9461e+01 2.5028e+02 4
  879 3.9531e+01 2.5215e+02 5
  880 3.9602e+01 2.5404e+02 4
  881 3.9673e+01 2.5640e+02 4
  882 3.9744e+01 2.5643e+02 5
  883 3.9816e+01 2.5745e+02 4
  884 3.9887e+01 2.5846e+02 5
  885 3.9960e+01 2.6021e+02 4
  886 4.0033e+01 2.6267e+02 5
  887 4.0106e+01 2.6467e+02 4
  888 4.0181e+01 2.6882e+02 5
  889 4.0257e+01 2.7228e+02 4
  890 4.0333e+01 2.7497e+02 5
  891 4.0410e+01 2.7779e+02 4
  892 4.0487e+01 2.7779e+02 5
  893 4.0564e+01 2.7779e+02 5
  894 4.0642e+01 2.7779e+02 4
  895 4.0719e+01 2.7779e+02 5
  896 4.0796e+01 2.7993e+02 5
  897 4.0875e+01 2.8329e+02 5
  898 4.0955e+01 2.8647e+02 4
  899 4.1035e+01 2.8865e+02 5
  900 4.1115e+01 2.8910e+02 4
  901 4.1196e+01 2.8910e+02 5
  902 4.1276e+01 2.8910e+02 5
  903 4.1356e+01 2.8948e+02 5
  904 4.1437e+01 2.9023e+02 5
  905 4.1518e+01 2.9313e+02 4
  906 4.1601e+01 2.9816e+02 5
  907 4.1685e+01 3.0272e+02 5
  908 4.1770e+01 3.0663e+02 5
  909 4.1857e+01 3.1045e+02 5
  910 4.1943e+01 3.1230e+02 5
  911 4.2030e+01 3.1230e+02 5
  912 4.2117e+01 3.1325e+02 4
  913 4.2204e+01 3.1329e+02 5
  914 4.2291e+01 3.1388e+02 5
  915 4.2379e+01 3.1616e+02 5
  916 4.2467e+01 3.1733e+02 5
  917 4.2556e+01 3.2022e+02 5
  918 4.2645e+01 3.2022e+02 5
  919 4.2734e+01 3.2091e+02 4
  920 4.2824e+01 3.2247e+02 5
  921 4.2914e+01 3.2558e+02 5
  922 4.3005e+01 3.2630e+02 5
  923 4.3096e+01 3.2659e+02 5
  924 4.3187e+01 3.2983e+02 5
  925 4.3280e+01 3.3271e+02 5
  926 4.3374e+01 3.3773e+02 4
  927 4.3468e+01 3.4092e+02 5
  928 4.3564e+01 3.4425e+02 5
  929 4.3660e+01 3.4685e+02 5
  930 4.3757e+01 3.4714e+02 5
  931 4.3853e+01 3.4829e+02 5
  932 4.3951e+01 3.5017e+02 5
  933 4.4049e+01 3.5267e+02 5
  934 4.4148e+01 3.5602e+02 6
  935 4.4248e+01 3.6031e+02 5
  936 4.4348e+01 3.6031e+02 5
  937 4.4448e+01 3.6051e+02 5
  938 4.4548e+01 3.6051e+02 6
  939 4.4648e+01 3.6051e+02 4
  940 4.4749e+01 3.6254e+02 6
  941 4.4851e+01 3.6876e+02 5
  942 4.4955e+01 3.7191e+02 5
  943 4.5059e+01 3.7443e+02 5
  944 4.5163e+01 3.7520e+02 5
  945 4.5267e+01 3.7520e+02 6
  946 4.5371e+01 3.7520e+02 5
  947 4.5477e+01 3.7941e+02 5
  948 4.5583e+01 3.8218e+02 6
  949 4.5690e+01 3.8559e+02 5
  950 4.5798e+01 3.8993e+02 5
  951 4.5907e+01 3.9118e+02 6
  952 4.6016e+01 3.9226e+02 5
  953 4.6126e+01 3.9590e+02 5
  954 4.6236e+01 3.9590e+02 6
  955 4.6346e+01 3.9590e+02 5
  956 4.6456e+01 3.9722e+02 5
  957 4.6567e+01 3.9949e+02 6
  958 4.6678e+01 3.9952e+02 5
  959 4.6790e+01 4.0310e+02 5
  960 4.6904e+01 4.0995e+02 6
  961 4.7018e+01 4.0995e+02 5
  962 4.7133e+01 4.1432e+02 5
  963 4.7249e+01 4.1978e+02 6
  964 4.7367e+01 4.2249e+02 5
  965 4.7485e+01 4.2653e+02 6
  966 4.7604e+01 4.2653e+02 5
  967 4.7723e+01 4.2912e+02 6
  968 4.7842e+01 4.2912e+02 5
  969 4.7961e+01 4.2912e+02 6
  970 4.8081e+01 4.3214e+02 5
  971 4.8202e+01 4.3379e+02 6
  972 4.8323e+01 4.3582e+02 6
  973 4.8445e+01 4.3960e+02 5
  974 4.8567e+01 4.3995e+02 6
  975 4.8690e+01 4.4079e+02 5
  976 4.8813e+01 4.4222e+02 6
  977 4.8936e+01 4.4577e+02 6
  978 4.9060e+01 4.4615e+02 5
  979 4.9185e+01 4.4818e+02 6
  980 4.9310e+01 4.4925e+02 6
  981 4.9435e+01 4.5050e+02 6
  982 4.9561e+01 4.5518e+02 5
  983 4.9689e+01 4.5965e+02 6
  984 4.9818e+01 4.6420e+02 6
  985 4.9948e+01 4.6959e+02 5
  986 5.0000e+01 1.8617e+02 3
